[gd_scene load_steps=6 format=3 uid="uid://d06upcpiheyn4"]

[ext_resource type="Script" path="res://player.gd" id="1_3f8tg"]
[ext_resource type="Texture2D" uid="uid://ohokvqcqskwf" path="res://icon.svg" id="1_k4f11"]
[ext_resource type="Script" path="res://path_generation.gd" id="1_rqvmb"]

[sub_resource type="Curve3D" id="Curve3D_55bda"]
bake_interval = 0.01
_data = {
"points": PackedVector3Array(0, 0, 0, 0, 0, 0, -2.53595, 0, -1.17465, 0, 0, 0, 0, 0, 0, -2.7149, 0, 0.352664, -0.86978, 0, -0.528527, 0.86978, 0, 0.528527, -2.23262, 0, 3.37991, -1.09451, 0, 0.378708, 1.09451, 0, -0.378708, 0.876115, 0, 3.44649, -0.0587344, 0, 0.711975, 0.0587344, 0, -0.711975, 2.96971, 0, 1.57476, 0.00324631, 0, 0.546872, -0.00324631, 0, -0.546872, 2.85362, 0, -0.748792, 0.121802, 0, 0.283137, -0.121802, 0, -0.283137, 2.47368, 0, -2.81711, 0.587903, 0, 0.212389, -0.587903, 0, -0.212389, 1.59557, 0, -3.47465, 0.479701, 0, -0.0830863, -0.479701, 0, 0.0830863, -0.464431, 0, -3.69938, 0.349715, 0, -0.535319, -0.349715, 0, 0.535319, -2.03655, 0, -2.76856, 0, 0, 0, 0, 0, 0, -2.40277, 0, -2.06108, 0, 0, 0, 0, 0, 0, -2.53595, 0, -1.17465),
"tilts": PackedFloat32Array(0, 0, 0, 0, 0, 0, 0, 0, 0, 0, 0, 0)
}
point_count = 12
up_vector_enabled = false

[sub_resource type="BoxShape3D" id="BoxShape3D_k1305"]
size = Vector3(0.088623, 0.110596, 0.0088501)

[node name="Game" type="Node3D"]

[node name="Path3D" type="Path3D" parent="."]
curve = SubResource("Curve3D_55bda")
script = ExtResource("1_rqvmb")

[node name="CSGPolygon3D" type="CSGPolygon3D" parent="Path3D"]
transform = Transform3D(0.999998, 0.00175339, 0.000761771, -0.00175157, 0.999996, -0.00237965, -0.000765945, 0.00237829, 0.999997, 0, -0.106507, 0)
polygon = PackedVector2Array(-0.0390579, -0.00334379, -0.0394749, 0.0974406, 0.0530908, 0.0988331, 0.0482247, -0.00109974)
mode = 2
path_node = NodePath("..")
path_interval_type = 1
path_interval = 0.11
path_simplify_angle = 0.0
path_rotation = 2
path_local = false
path_continuous_u = true
path_u_distance = 1.0
path_joined = false

[node name="PathFollow3D" type="PathFollow3D" parent="Path3D"]
transform = Transform3D(-0.993178, 0, 0.116368, 0, 0.999957, 0, -0.116367, 0, -0.993192, -2.53595, 0, -1.17465)
rotation_mode = 2
loop = false
script = ExtResource("1_3f8tg")
move_speed = 2.0

[node name="Player" type="CharacterBody3D" parent="Path3D/PathFollow3D"]
transform = Transform3D(-0.173648, -3.72529e-09, -0.984808, 2.98023e-08, 1, 3.72529e-09, 0.984808, -2.98023e-08, -0.173648, 0, 0.0654161, 0)

[node name="Player_Vis" type="Sprite3D" parent="Path3D/PathFollow3D/Player"]
transform = Transform3D(0.1, 0, 0, 0, 0.1, 0, 0, 0, 0.1, 0, 0, 0)
texture = ExtResource("1_k4f11")

[node name="CollisionShape3D" type="CollisionShape3D" parent="Path3D/PathFollow3D/Player"]
transform = Transform3D(1, 7.45058e-07, 3.05939e-07, -1.49012e-07, 1, -3.6764e-07, 1.39698e-09, 2.63099e-08, 1.00002, -0.00695816, 0.00207533, 0.00918597)
shape = SubResource("BoxShape3D_k1305")

[node name="Camera3D" type="Camera3D" parent="Path3D/PathFollow3D/Player"]
transform = Transform3D(-0.741977, -0.660735, 0.113678, -0.668743, 0.717243, -0.196026, 0.0479845, -0.22146, -0.974002, 0.492738, 0.0998446, -1.38791)

[node name="CSGCylinder3D" type="CSGCylinder3D" parent="."]
transform = Transform3D(0.680202, -0.729427, -4.99133, -3.40408, 3.65043, -0.997366, 3.72259, 3.47137, -2.18178e-07, 0, 0.0769299, 0)

[node name="DirectionalLight3D" type="DirectionalLight3D" parent="."]
transform = Transform3D(1, 0, 0, 0, 0.752852, 0.65819, 0, -0.65819, 0.752852, 0, 10.9369, 3.00134)
